5		 2	 2		 	 2		 4
7		 2	 2		 	 2		 6
11		 3	 2		 	 3		 4
13		 3	 6		 	 3		 2
17		 3	 4		 	 3		 10
19		 3	 4		 	 3		 12
23		 4	 2		 	 4		 4
29		 4	 3		 	 4		 6
31		 4	 6		 	 4		 4
37		 4	 5		 	 4		 10
41		 4	 2		 	 4		 16
43		 4	 8		 	 4		 14
47		 5	 11		 	 8		 4
53		 5	 13		 	 11		 4
59		 5	 18		 	 10		 12
61		 4	 10		 	 4		 26
67		 5	 12		 	 5		 8
71		 5	 21		 	 9		 6
73		 4	 21		 	 4		 40
79		 5	 10		 	 5		 6
83		 5	 4		 	 5		 20
89		 5	 4		 	 18		 8
97		 5	 18		 	 18		 16
101		 5	 13		 	 5		 8
103		 5	 36		 	 5		 22
107		 5	 5		 	 5		 36
109		 5	 14		 	 5		 18
113		 5	 12		 	 5		 28
127		 5	 16		 	 5		 32
131		 5	 11		 	 8		 36
137		 5	 12		 	 5		 46
139		 5	 36		 	 5		 22
149		 5	 19		 	 5		 56
151		 6	 37		 	 33		 4
157		 5	 16		 	 5		 50
163		 6	 7		 	 6		 18
167		 6	 37		 	 8		 16
173		 7	 2		 	 34		 4
179		 6	 30		 	 8		 4
181		 6	 19		 	 39		 2
191		 7	 5		 	 24		 4
193		 7	 64		 	 61		 4
197		 6	 11		 	 6		 28
199		 7	 31		 	 15		 2
211		 6	 32		 	 56		 6
223		 6	 31		 	 11		 20
227		 6	 80		 	 28		 8
229		 6	 71		 	 6		 22
233		 6	 8		 	 10		 24
239		 6	 4		 	 6		 36
241		 6	 15		 	 32		 10
251		 6	 3		 	 25		 2
257		 7	 83		 	 19		 8
263		 7	 7		 	 20		 4
269		 7	 23		 	 29		 4
271		 6	 101		 	 14		 48
277		 7	 43		 	 42		 4
281		 6	 73		 	 16		 32
283		 7	 23		 	 81		 8
293		 6	 43		 	 6		 32
307		 7	 20		 	 11		 4
311		 7	 95		 	 37		 4
313		 7	 41		 	 23		 6
317		 6	 10		 	 11		 44
331		 6	 57		 	 13		 36
337		 6	 5		 	 6		 40
347		 6	 17		 	 8		 100
349		 8	 72		 	 21		 2
353		 7	 30		 	 16		 4
359		 6	 49		 	 6		 48
367		 8	 22		 	 80		 8
373		 7	 20		 	 52		 4
379		 7	 6		 	 53		 10
383		 7	 13		 	 12		 12
389		 8	 17		 	 94		 4
397		 7	 53		 	 15		 8
401		 7	 20		 	 86		 4
409		 7	 93		 	 14		 4
419		 7	 67		 	 26		 6
421		 8	 151		 	 118		 2
431		 7	 143		 	 9		 6
433		 7	 35		 	 123		 2
439		 8	 27		 	 25		 4
443		 7	 165		 	 43		 12
449		 7	 118		 	 61		 8
457		 7	 65		 	 9		 14
461		 7	 28		 	 12		 14
463		 8	 4		 	 17		 4
467		 7	 38		 	 23		 16
479		 7	 219		 	 51		 16
487		 8	 110		 	 63		 2
491		 7	 13		 	 94		 8
499		 7	 23		 	 13		 26
503		 7	 19		 	 15		 20
509		 7	 52		 	 20		 12
521		 8	 99		 	 51		 2
523		 8	 28		 	 10		 2
541		 7	 8		 	 9		 2
547		 8	 10		 	 209		 2
557		 8	 11		 	 19		 8
563		 8	 129		 	 122		 4
569		 7	 107		 	 12		 16
571		 8	 32		 	 151		 2
577		 7	 115		 	 23		 16
587		 7	 6		 	 23		 40
593		 7	 183		 	 12		 36
599		 8	 56		 	 20		 8
601		 7	 23		 	 7		 14
607		 8	 54		 	 298		 2
613		 7	 11		 	 22		 14
617		 8	 106		 	 186		 4
619		 9	 71		 	 184		 2
631		 7	 241		 	 52		 26
641		 7	 8		 	 7		 28
643		 8	 6		 	 220		 2
647		 7	 284		 	 9		 26
653		 7	 103		 	 39		 36
659		 8	 7		 	 224		 4
661		 8	 173		 	 84		 6
673		 8	 23		 	 30		 8
677		 7	 65		 	 18		 22
683		 7	 85		 	 79		 14
691		 7	 36		 	 32		 28
701		 8	 98		 	 94		 8
709		 8	 68		 	 291		 2
719		 7	 63		 	 11		 20
727		 8	 17		 	 40		 6
733		 8	 22		 	 86		 12
739		 8	 93		 	 49		 10
743		 7	 265		 	 12		 38
751		 8	 66		 	 58		 2
757		 8	 20		 	 201		 2
761		 9	 69		 	 231		 4
769		 8	 162		 	 190		 2
773		 7	 37		 	 15		 48
787		 8	 6		 	 141		 2
797		 9	 25		 	 130		 4
809		 8	 33		 	 11		 4
811		 7	 325		 	 16		 26
821		 8	 56		 	 145		 2
823		 8	 200		 	 38		 6
827		 7	 25		 	 22		 30
829		 8	 28		 	 121		 8
839		 8	 166		 	 232		 8
853		 8	 117		 	 17		 6
857		 8	 25		 	 155		 8
859		 8	 175		 	 376		 2
863		 8	 13		 	 50		 4
877		 9	 35		 	 155		 4
881		 7	 115		 	 60		 36
883		 7	 19		 	 17		 22
887		 9	 181		 	 75		 4
907		 8	 149		 	 45		 4
911		 9	 51		 	 23		 4
919		 9	 19		 	 147		 2
929		 9	 118		 	 157		 4
937		 8	 263		 	 163		 4
941		 8	 89		 	 29		 16
947		 8	 232		 	 18		 4
953		 7	 471		 	 11		 36
967		 8	 31		 	 91		 10
971		 7	 86		 	 12		 52
977		 8	 4		 	 11		 8
983		 8	 98		 	 65		 16
991		 8	 119		 	 48		 6
997		 9	 118		 	 189		 2
1009		 8	 183		 	 434		 2
1013		 8	 112		 	 141		 8
1019		 8	 32		 	 16		 12
1021		 8	 340		 	 169		 2
1031		 8	 222		 	 36		 6
1033		 7	 240		 	 25		 34
1039		 8	 138		 	 50		 8
1049		 8	 51		 	 280		 4
1051		 9	 204		 	 178		 4
1061		 8	 23		 	 151		 8
1063		 9	 107		 	 273		 2
1069		 8	 231		 	 21		 10
1087		 8	 7		 	 18		 14
1091		 8	 155		 	 209		 8
1093		 9	 229		 	 75		 2
1097		 8	 70		 	 169		 4
1103		 8	 180		 	 20		 14
1109		 8	 139		 	 76		 16
1117		 8	 245		 	 452		 4
1123		 7	 35		 	 17		 76
1129		 8	 25		 	 447		 4
1151		 9	 19		 	 544		 4
1153		 8	 63		 	 106		 16
1163		 9	 307		 	 444		 4
1171		 9	 86		 	 535		 2
1181		 9	 177		 	 314		 4
1187		 9	 112		 	 29		 4
1193		 8	 45		 	 51		 12
1201		 10	 6		 	 152		 2
1213		 8	 247		 	 26		 26
1217		 8	 427		 	 43		 8
1223		 8	 11		 	 50		 12
1229		 8	 571		 	 35		 4
1231		 8	 204		 	 208		 4
1237		 8	 27		 	 170		 10
1249		 8	 248		 	 22		 8
1259		 8	 353		 	 79		 4
1277		 8	 357		 	 10		 28
1279		 8	 172		 	 61		 8
1283		 8	 259		 	 208		 16
1289		 8	 199		 	 8		 4
1291		 8	 283		 	 18		 12
1297		 10	 185		 	 488		 2
1301		 8	 73		 	 14		 18
1303		 10	 2		 	 333		 2
1307		 9	 185		 	 55		 8
1319		 9	 163		 	 41		 8
1321		 8	 119		 	 47		 16
1327		 8	 73		 	 239		 16
1361		 8	 40		 	 175		 8
1367		 8	 93		 	 28		 24
1373		 8	 60		 	 8		 20
1381		 8	 20		 	 99		 4
1399		 8	 55		 	 15		 14
1409		 8	 60		 	 78		 6
1423		 8	 399		 	 289		 10
1427		 8	 17		 	 108		 8
1429		 9	 144		 	 597		 2
1433		 8	 135		 	 140		 12
1439		 8	 72		 	 235		 16
1447		 8	 115		 	 53		 34
1451		 8	 92		 	 103		 14
1453		 8	 262		 	 217		 16
1459		 8	 68		 	 440		 4
1471		 8	 34		 	 155		 8
1481		 8	 225		 	 163		 4
1483		 9	 79		 	 88		 2
1487		 8	 98		 	 28		 8
1489		 8	 222		 	 64		 18
1493		 10	 161		 	 191		 4
1499		 8	 105		 	 44		 4
1511		 9	 524		 	 64		 4
1523		 9	 165		 	 543		 4
1531		 8	 50		 	 16		 14
1543		 8	 236		 	 61		 22
1549		 8	 326		 	 47		 30
1553		 8	 155		 	 197		 12
1559		 8	 110		 	 66		 14
1567		 9	 124		 	 333		 2
1571		 10	 80		 	 590		 4
1579		 10	 61		 	 149		 4
1583		 9	 26		 	 80		 8
1597		 9	 83		 	 127		 4
1601		 8	 147		 	 19		 18
1607		 9	 193		 	 207		 4
1609		 9	 227		 	 89		 14
1613		 9	 4		 	 67		 4
1619		 9	 242		 	 386		 4
1621		 8	 76		 	 43		 16
1627		 8	 476		 	 242		 6
1637		 9	 171		 	 182		 8
1657		 9	 219		 	 137		 4
1663		 8	 9		 	 57		 14
1667		 9	 498		 	 11		 4
1669		 9	 312		 	 436		 2
1693		 8	 17		 	 25		 18
1697		 9	 200		 	 300		 4
1699		 8	 27		 	 10		 12
1709		 9	 592		 	 35		 2
1721		 9	 12		 	 125		 2
1723		 8	 111		 	 180		 8
1733		 8	 65		 	 120		 32
1741		 9	 109		 	 51		 12
1747		 9	 48		 	 472		 2
1753		 9	 38		 	 838		 2
1759		 9	 261		 	 207		 6
1777		 9	 80		 	 174		 4
1783		 9	 149		 	 180		 8
1787		 10	 19		 	 30		 4
1789		 8	 320		 	 69		 10
1801		 9	 273		 	 54		 12
1811		 8	 280		 	 12		 40
1823		 9	 48		 	 255		 4
1831		 9	 235		 	 227		 8
1847		 8	 11		 	 22		 16
1861		 9	 38		 	 77		 6
1867		 8	 326		 	 27		 38
1871		 8	 128		 	 128		 14
1873		 9	 138		 	 538		 2
1877		 8	 108		 	 43		 10
1879		 9	 81		 	 100		 14
1889		 9	 33		 	 478		 4
1901		 8	 207		 	 142		 12
1907		 8	 146		 	 47		 28
1913		 9	 43		 	 381		 4
1931		 8	 9		 	 64		 16
1933		 9	 58		 	 548		 4
1949		 9	 209		 	 484		 4
1951		 8	 73		 	 34		 30
1973		 8	 281		 	 24		 14
1979		 9	 19		 	 208		 2
1987		 9	 180		 	 163		 4
1993		 9	 353		 	 363		 2
